TAN_ICLN,TAN_PBW,ICLN_PBW,ICLN,PBW,TAN,date
0.8641262245261124,0.8552509705875604,0.957864754394901,0.01844972748726303,0.020699774575913276,0.039869137127624736,2012-01-31T00:00:00Z
0.8859630909457417,0.929125858313488,0.8985658100175102,0.01614912799921489,0.020414531171498385,0.04091087079633892,2012-02-29T00:00:00Z
0.8458538669728993,0.8241269083066062,0.8913897277134272,0.011835962931522032,0.01565294939768036,0.02437949391411202,2012-03-30T00:00:00Z
0.7781996048281687,0.8215507238988127,0.9003993072755225,0.012898524278115367,0.016633009577168657,0.022013084633914177,2012-04-30T00:00:00Z
0.7583934770596439,0.6490253089310136,0.9088497491891998,0.012597365965304395,0.014677283327017928,0.02162543056880815,2012-05-31T00:00:00Z
0.9248038707678401,0.8851784681733734,0.9030709677549562,0.016527743227029486,0.018592011343959127,0.026577121924457433,2012-06-29T00:00:00Z
0.7000314411344183,0.7465133662751258,0.844420335182504,0.014597341824334874,0.015481012508020146,0.017387872885874605,2012-07-31T00:00:00Z
0.7264929872024386,0.8400980819156008,0.8393761795670597,0.014910268404502592,0.01276710859902772,0.022579746067226594,2012-08-31T00:00:00Z
0.5632055562288781,0.7673742900419057,0.8331483621369844,0.01662771085695722,0.0141206393901918,0.019323769076945697,2012-09-28T00:00:00Z
0.5828589320412473,0.37272466218931216,0.7979315761511304,0.012802113002181282,0.010417706315801273,0.01837115184047818,2012-10-31T00:00:00Z
0.7175555553295837,0.48751529205619004,0.8418098189394579,0.012023588970182934,0.01633668591072311,0.02372317255538599,2012-11-30T00:00:00Z
0.32228253859620526,0.4178159648748982,0.6563126447241981,0.014702839604948498,0.009669551077331955,0.025334815977586737,2012-12-31T00:00:00Z
0.581239209654988,0.6651111053505151,0.8354672821354021,0.012237903977883826,0.014768499094714109,0.030680486118201306,2013-01-31T00:00:00Z
0.5129946722250108,0.5421684341879703,0.9067013449412831,0.01068539794519025,0.018146654857940522,0.02743509393834454,2013-02-28T00:00:00Z
0.28760877361573783,0.5969349448786013,0.716084641201706,0.01337864524712896,0.01003728590230604,0.023344336793458518,2013-03-28T00:00:00Z
0.5799754774241093,0.6055323819978072,0.8443539629421173,0.01789096324254461,0.020752528375958874,0.03770061701830788,2013-04-30T00:00:00Z
0.4843235507299553,0.5237737962368354,0.9383183753717228,0.01697724851202223,0.020013128172411427,0.03572514217032169,2013-05-31T00:00:00Z
0.8630793947998051,0.7638856443684399,0.8884960093585943,0.020263206022248927,0.019563957191260507,0.030954801248441674,2013-06-28T00:00:00Z
0.4659917179781178,0.5149462874920694,0.8562337812020988,0.008190529179930583,0.012622941074758217,0.023980477442694235,2013-07-31T00:00:00Z
0.7075747209027855,0.7014303695891976,0.9015349063120776,0.014903274058076295,0.01872627489103622,0.03356248691813236,2013-08-30T00:00:00Z
0.4303260079997197,0.6548307469282683,0.8510461646637322,0.011472914829672581,0.01129011484373434,0.019635853062279912,2013-09-30T00:00:00Z
0.7104883989461543,0.7407545881259805,0.9270991372900204,0.011408937576219061,0.01669648129933169,0.02736795878406652,2013-10-31T00:00:00Z
0.8261542587635294,0.7508628985173946,0.9331878977626747,0.013300000187308071,0.02055524328813953,0.032476179304755534,2013-11-29T00:00:00Z
0.5599871275486302,0.5602246584645748,0.8154902227340157,0.010118752513126545,0.011242261902014035,0.020983866854164077,2013-12-31T00:00:00Z
0.8901439431524923,0.8609455585825769,0.9011681963709004,0.014289991365099527,0.019334460001441296,0.033844759614436615,2014-01-31T00:00:00Z
0.6992035733247454,0.7078560381609617,0.9030442259811758,0.012279368129032702,0.019226153388370693,0.02605024073329181,2014-02-28T00:00:00Z
0.5933015224403977,0.867234045924071,0.7837222854216692,0.012718420653992568,0.020010796721873492,0.026221117926909687,2014-03-31T00:00:00Z
0.7803956602629895,0.8754503653688499,0.9462914052372016,0.014135475523924768,0.023021329121206375,0.030950852355639883,2014-04-30T00:00:00Z
0.7986471595396406,0.9267331653805413,0.8096949219901334,0.013220112058510376,0.018625538568140407,0.023747542644243065,2014-05-30T00:00:00Z
0.6820495683521727,0.7097643359225819,0.8162630119864257,0.00829554928707471,0.012526166414532875,0.015358236674386683,2014-06-30T00:00:00Z
0.8300621433403039,0.9007742438620443,0.8702217493119265,0.012692432805412579,0.0133378150186624,0.017673006201541955,2014-07-31T00:00:00Z
0.6628210170540264,0.5220309404683605,0.7753604094986907,0.007753765661231047,0.009887995752888594,0.01321138445468979,2014-08-29T00:00:00Z
0.7536336792363217,0.8906660226479476,0.8957098064712552,0.011283473581521994,0.015071583358480259,0.018737644700068362,2014-09-30T00:00:00Z
0.8161708023329348,0.836838767418537,0.9390821219638487,0.017064784840764357,0.025634064069352328,0.028422992569892114,2014-10-31T00:00:00Z
0.8039269346231118,0.7248343888511052,0.8219849376034538,0.010136238715854876,0.015235576199449754,0.021324831067039612,2014-11-28T00:00:00Z
0.6480551248458757,0.8066654038024418,0.8596729203911581,0.010735168950052386,0.019421768329609585,0.018591234735519598,2014-12-31T00:00:00Z
0.8792275494912286,0.8413430103505186,0.9246060342742928,0.013631460559783058,0.01603818443646862,0.019474409696108082,2015-01-30T00:00:00Z
0.7355638511988225,0.7126514219397394,0.8155832373852294,0.01069636456828491,0.012480638540393874,0.015193250546501624,2015-02-27T00:00:00Z
0.7449663090677047,0.9111689239399559,0.8083385529959953,0.017858282242333382,0.01465901028698894,0.021642394228904734,2015-03-31T00:00:00Z
0.5964887714180068,0.7917486924365876,0.7050221671233153,0.012854237180606468,0.012445762449002471,0.014871585088537772,2015-04-30T00:00:00Z
0.28512360837065043,0.7071150154971271,0.4309237492618744,0.011937506032994894,0.010413304454574345,0.023380834916825972,2015-05-29T00:00:00Z
0.6882220931223489,0.6980233016646786,0.8125231923853441,0.011646157357739665,0.01235669957462041,0.017825231578296914,2015-06-30T00:00:00Z
0.8328038045540559,0.9041234518936784,0.9244607107128807,0.022241589374037817,0.016034601743713565,0.027402909259237027,2015-07-31T00:00:00Z
0.8462102901520632,0.8767625883281798,0.8912837855713235,0.02132435833332166,0.019863559044272144,0.033406399942235904,2015-08-31T00:00:00Z
0.9101110345564063,0.8821168148840672,0.9348995387702089,0.01778464731370585,0.017760396162237457,0.024338037368903494,2015-09-30T00:00:00Z
0.792900039201776,0.9207375738836996,0.8767191625657029,0.01449673472342675,0.018636979146601094,0.02716336956751991,2015-10-30T00:00:00Z
0.8331964155255966,0.8365727353230726,0.9173275449454978,0.010204324452283635,0.01800102769171805,0.024071703841129034,2015-11-30T00:00:00Z
0.9046012460917067,0.9068194328901653,0.94947453034702,0.016158427149262043,0.01863967727585165,0.02895077893080955,2015-12-31T00:00:00Z
0.8264227928848688,0.7835589810290735,0.9104298051720723,0.0224310418491588,0.02603602045299384,0.033789723367081,2016-01-29T00:00:00Z
0.8686556300824575,0.9258348487454935,0.9069674546155719,0.018441409302119228,0.021317408375525412,0.029377190858089743,2016-02-29T00:00:00Z
0.5678822962014441,0.6729631759283827,0.8333151714281422,0.013979815085939307,0.012759310096279055,0.017700919144697576,2016-03-31T00:00:00Z
0.6812438845354316,0.8289240979883103,0.8502970728641281,0.011898858260032065,0.013501409175771951,0.015224009186006788,2016-04-29T00:00:00Z
0.4789686679749011,0.7778344931089103,0.83975317505745,0.013234983519911663,0.012142209365740494,0.01456724148900212,2016-05-31T00:00:00Z
0.8618270242931275,0.9216502510423623,0.9291251692490254,0.02261958702416436,0.021049133619644833,0.022556905418231347,2016-06-30T00:00:00Z
0.8086564548901702,0.822525193684886,0.8875027031797081,0.009588278304003607,0.01068226715234054,0.01458450204336511,2016-07-29T00:00:00Z
0.5759156375406419,0.8072371250733474,0.8291935887654182,0.008334209951808872,0.010702923556156645,0.01303481113471415,2016-08-31T00:00:00Z
0.8237250664633374,0.8026201202015764,0.8728872376754241,0.014753992199194927,0.013253917485332403,0.013414426595941576,2016-09-30T00:00:00Z
0.7927630710027224,0.7217925180876649,0.8716151101076646,0.01044947306723668,0.009882691115931165,0.014501791894709985,2016-10-31T00:00:00Z
0.6437048350353576,0.8009586511985556,0.7485792629299511,0.017469021393125492,0.011622732743900757,0.017153434150831277,2016-11-30T00:00:00Z
0.5358427056441516,0.6884174808440082,0.7974158945634385,0.011120954721196593,0.013325528543306498,0.01281837393465222,2016-12-30T00:00:00Z
0.614860823488439,0.7782653640027027,0.781622527949557,0.007263279385366828,0.010952062455334732,0.010992390346525851,2017-01-31T00:00:00Z
0.6428430225898996,0.6815734867569428,0.8722585916696306,0.007715024564180365,0.011726023731863837,0.011412263050983964,2017-02-28T00:00:00Z
0.6087636758802709,0.6418065014518498,0.6701681848772223,0.007823194919652044,0.009116625032655859,0.008754548678439228,2017-03-31T00:00:00Z
0.3901606513107426,0.753663026690725,0.5743899532382696,0.006658684483646041,0.012750194743691046,0.00768927213108669,2017-04-28T00:00:00Z
0.3701841160588458,0.6583908349553903,0.7232345954691058,0.010051173509178007,0.013559647104540567,0.010120256349575616,2017-05-31T00:00:00Z
0.5620283872038762,0.6163582204035791,0.8593229843232596,0.00787198910698684,0.010496166181810884,0.011385751302250982,2017-06-30T00:00:00Z
0.6494305762275396,0.6881062618024593,0.8459266134026966,0.009268913862236104,0.009567370128476431,0.011760135819865528,2017-07-31T00:00:00Z
0.5911583541435067,0.8275730046143511,0.7509818582147854,0.00827789832421297,0.010381526551868667,0.013381024256340569,2017-08-31T00:00:00Z
0.35080196789303353,0.8381033444981298,0.5752813484280149,0.008048315505148953,0.010022468555457362,0.01458337848205332,2017-09-29T00:00:00Z
0.47405874866706266,0.6330352382666159,0.474487860932107,0.006171526584159115,0.008814719862530617,0.011166507348375335,2017-10-31T00:00:00Z
0.584057371989218,0.6516836909668019,0.7509535927858828,0.009400526859629681,0.010464413293423165,0.013621027516083534,2017-11-30T00:00:00Z
0.7280139083480656,0.9341260505341675,0.8340628549465435,0.008208403010009734,0.009865922863028924,0.013316081124482135,2017-12-29T00:00:00Z
0.7836024260572475,0.6499221093654175,0.8681859783851318,0.007242034126265907,0.010282018440246616,0.01148528659862157,2018-01-31T00:00:00Z
0.9666329366501484,0.9560455051914447,0.9599192549028278,0.014966375500615992,0.016409158160607284,0.018841054878295935,2018-02-28T00:00:00Z
0.7488239341311499,0.8728247277362604,0.797193571575921,0.011034762750559835,0.013395623484515558,0.017165882932043405,2018-03-29T00:00:00Z
0.7407580168046248,0.688209905073215,0.7981835239630676,0.010460203014742068,0.01304435851571749,0.012714596520514371,2018-04-30T00:00:00Z
0.6101914690416183,0.7583207718604007,0.8562035680669268,0.009248878602371583,0.009859728308363281,0.014988817919894737,2018-05-31T00:00:00Z
0.44449436537442943,0.651863779775828,0.8023427935611315,0.00793313288490865,0.009172075496249732,0.015562166365664489,2018-06-29T00:00:00Z
0.2225760264978866,0.6852616949593214,0.7468313975212559,0.00784663140315032,0.009286724249947956,0.011641193108121324,2018-07-31T00:00:00Z
0.6997163184198237,0.7951995253082096,0.8573767038631792,0.00988799624422713,0.009577875658167638,0.013569891316689273,2018-08-31T00:00:00Z
0.6191798229378921,0.5829331456731925,0.687214769867349,0.0063476360103492885,0.00842814355317145,0.01092953153800445,2018-09-28T00:00:00Z
0.809616471423195,0.7948332646606082,0.8790818965490189,0.013867210328934836,0.018210313851558215,0.017243794803058866,2018-10-31T00:00:00Z
0.8562320262370227,0.8063271065578742,0.8715230717321049,0.012424151356608015,0.0167019650631994,0.02278963104961281,2018-11-30T00:00:00Z
0.8651281874013147,0.8425410338394118,0.9210054394216285,0.013496359069701135,0.021063010909260476,0.016299626530561655,2018-12-31T00:00:00Z
0.800009283116531,0.7144217721441168,0.8146306001863819,0.010385091614227808,0.016548846509497415,0.01687516124133055,2019-01-31T00:00:00Z
0.602188480053497,0.6282543153994277,0.8455466077193422,0.0064571084480910925,0.011824245592252659,0.015340335546845921,2019-02-28T00:00:00Z
0.7926981700482717,0.8614259341847308,0.9265984834249944,0.010375581390438758,0.015648920408518372,0.01630252257164224,2019-03-29T00:00:00Z
0.5616316199656735,0.7515553891779516,0.8568806059995152,0.0061098501926455965,0.008369662434181132,0.010830082494266563,2019-04-30T00:00:00Z
0.900278887026602,0.890632262991312,0.9345735992692991,0.011522545729296237,0.016521114655746193,0.022278020863836262,2019-05-31T00:00:00Z
0.8559524323820328,0.7605045884987439,0.8640014461670233,0.00862469617022597,0.014398959034779673,0.016441834955730268,2019-06-28T00:00:00Z
0.12633151625556704,0.45079990915176,0.6348238140288308,0.005192067349367491,0.008028107405288257,0.010106454554049784,2019-07-31T00:00:00Z
0.9518562772249438,0.9286791347305372,0.9133571489930925,0.015689167236311155,0.0190457697866776,0.0271820403924809,2019-08-30T00:00:00Z
0.6087119145196853,0.7961171569344757,0.8451650244019057,0.009626860874050056,0.014693679109398491,0.021505742090268776,2019-09-30T00:00:00Z
0.6901481171342592,0.7840921529982466,0.7624278310872131,0.009655251608567384,0.010414087962635894,0.014884200070095817,2019-10-31T00:00:00Z
0.54097237022482,0.7081075816490248,0.756535092308198,0.007303220952780464,0.010721405825164367,0.010231051260225825,2019-11-29T00:00:00Z
0.5970240311289801,0.8984484705731868,0.6033603539949066,0.006622810570793872,0.009153604470706763,0.008550860604142499,2019-12-31T00:00:00Z
0.8682919727708289,0.8910980883637714,0.8795091929252775,0.010352294745472756,0.014833342548885312,0.017622016297535847,2020-01-31T00:00:00Z
0.959512494998198,0.9569008355967326,0.9384143446142778,0.023063964615231084,0.03106107135790894,0.03167372800601849,2020-02-28T00:00:00Z
0.981775514481916,0.9811237620296289,0.9850618138928393,0.06708837740703179,0.0762503739846061,0.07580623664265485,2020-03-31T00:00:00Z
0.9646099667160124,0.9540765098741616,0.9589237156323852,0.026770737321278708,0.0380768222317937,0.03616942150860177,2020-04-30T00:00:00Z
0.9515262388595116,0.8914095453974581,0.9141423992893263,0.02112220061450623,0.031034965536522376,0.025693164681853464,2020-05-29T00:00:00Z
0.9604410331432819,0.9172390723651633,0.8862140142150204,0.022490927317056663,0.03140895533323983,0.025524919022583345,2020-06-30T00:00:00Z
0.9201338465566846,0.9406270154277412,0.8950961764643539,0.016642403934304505,0.021366002102336697,0.023190661687678964,2020-07-31T00:00:00Z
0.8997321114283163,0.9372305413737199,0.8339873385155706,0.012680378815315602,0.017363743219352763,0.02159459622931935,2020-08-31T00:00:00Z
0.9173539688031946,0.9572152250230768,0.8518269405226844,0.02392888893460112,0.029870328078671588,0.03019092056435968,2020-09-30T00:00:00Z
0.9517774764694888,0.9035398790512049,0.8905874196154248,0.021694044963675992,0.02613302224118497,0.031975579749558385,2020-10-30T00:00:00Z
0.7863263156710587,0.9106962581509678,0.760835944659233,0.01872776099755879,0.031789105711548415,0.03192474302337782,2020-11-30T00:00:00Z
0.9075104354431299,0.9131942564023647,0.8383886397919709,0.01642835841298179,0.02882255877571687,0.027316175508086255,2020-12-31T00:00:00Z
0.8491657350972394,0.9442861758098247,0.8507582247576516,0.035387880186510116,0.03643150613094555,0.04092639483718522,2021-01-29T00:00:00Z
0.8747655444378052,0.9180537897822914,0.8483558283841401,0.026333555169138895,0.035552811322414335,0.036432071520412085,2021-02-26T00:00:00Z
0.9494543376216926,0.9663116726720615,0.943100301127009,0.03844562240781682,0.04659694903697056,0.05217720822842301,2021-03-31T00:00:00Z
0.7846101392981872,0.9371886426428022,0.8413232252195748,0.017737664534350144,0.025243541124168205,0.023307788177195192,2021-04-30T00:00:00Z
0.8619474488076769,0.9453214053522322,0.850061989522582,0.019635098578431192,0.028386039062296285,0.02898440623692015,2021-05-28T00:00:00Z
0.5094000105075847,0.7983249562219298,0.5934277973726857,0.011242421599349085,0.016394219123352663,0.02101775554936846,2021-06-30T00:00:00Z
0.8166536003695013,0.8965461529370372,0.8772662393943278,0.013824512812425064,0.025206702995241827,0.023175524592032534,2021-07-30T00:00:00Z
0.6744354871743934,0.8831365366991922,0.7605652731150211,0.009580749839154268,0.022122926115388714,0.018966009946954764,2021-08-31T00:00:00Z
0.8528058998832277,0.8624601826432534,0.914808897086132,0.013378874554307802,0.020168859775843033,0.01985453871987221,2021-09-30T00:00:00Z
0.8072450960408657,0.8923898675692765,0.8281976542896125,0.01612496036131562,0.02199480602013424,0.025540587201067506,2021-10-29T00:00:00Z
0.8138809530643618,0.8688952291384312,0.8305872514996819,0.015025322953697358,0.025215735478226774,0.02314267252426729,2021-11-30T00:00:00Z
0.9572154359580872,0.9645969269477768,0.9500914106358475,0.019770830015052254,0.028633345491954742,0.02881151941492277,2021-12-31T00:00:00Z
0.8959160100931375,0.9733138674722404,0.9317269249782426,0.021435906712346485,0.03427666778639739,0.03153701771713721,2022-01-31T00:00:00Z
0.9192135304334093,0.9736350724244851,0.9677261723982259,0.027877877347164175,0.03901170009564208,0.035691221579233476,2022-02-25T00:00:00Z
